net.jforum.api.integration.mail.pop.MessageId,1.7354925555056799E-4,1.1059365383200159E-4,0.1653727708893276,2.5552564713350838E-5,0.04149350076127684,4.7398740968422676E-5,1.9579839182285583E-4,0.09992491517445372,1.5345230086931343E-4,6.0385731793921866E-5,8.328609336862555E-5,1.120542927428895E-4,3.588655938476645E-5,1.1227814141618226E-4,6.309101748283575E-5,0.4186757511078103,0.06571008148616891,1.7385175609014556E-4,3.9988953670320615E-5,9.141665930820347E-5,6.796566210980686E-5,0.07233156552855848,1.3697810319634164E-4,7.143020086034153E-5,0.09302406046705022,7.812817810339685E-5,8.62197875988353E-5,1.5744421219317792E-4,3.9069429448627905E-5,0.041351534898829125
net.jforum.api.integration.mail.pop.POPConnector,2.0705076399156233E-4,1.319423724745523E-4,1.5126577767878016E-4,3.0485167044128025E-5,2.17139566255583E-4,5.65484737956167E-5,2.3359481714071168E-4,0.5545752600813684,1.8307434411320034E-4,0.14382334657950205,9.93634297487488E-5,1.336849694188937E-4,4.281400985600567E-5,1.3395202927274746E-4,7.526994759721057E-5,0.002527062682924332,0.09482330955092037,0.09056537426018031,4.770831993716367E-5,1.0906349953085667E-4,8.108558126846908E-5,4.3485134596350864E-5,0.04123522119167054,8.521890579873515E-5,8.732614253273771E-5,9.320984359315637E-5,1.0286343687788095E-4,0.07000989885429532,4.661129309019602E-5,4.776897352517504E-5
net.jforum.api.integration.mail.pop.POPJobStarter,3.263412155406914E-4,0.06494291301980751,2.384162067589028E-4,4.8048924222019234E-5,3.422425912744431E-4,8.912837277038267E-5,0.08452361758186587,0.6993044777136848,2.8855099513011855E-4,1.1354905010929702E-4,1.566107838453579E-4,2.107063725756636E-4,6.748091989242509E-5,2.1112729658313219E-4,1.1863605677667943E-4,0.016929997960841662,5.645214570811489E-4,0.06506186326202104,7.519504308775536E-5,1.7189946234379423E-4,1.278023159337585E-4,6.853870716797752E-5,2.575729902023547E-4,1.3431701853821814E-4,1.3763832092778295E-4,1.4691186389337822E-4,1.6212728887486178E-4,0.05208401994737104,7.346597400431655E-5,0.013022281286873329
net.jforum.api.integration.mail.pop.POPListener,0.1336737341122782,2.0399805262096338E-4,0.006584046153412289,4.713356743699851E-5,0.01938623838844445,8.743043130604831E-5,3.611644000735701E-4,0.6923325386837401,2.8305394986857666E-4,0.05091276106888559,1.5362726764970149E-4,2.0669230751786883E-4,6.619537356889962E-5,2.071052127059267E-4,1.1637597871505923E-4,0.00390712897228749,5.537670322028451E-4,0.02572136982474707,7.376253873922386E-5,1.6862468893844715E-4,1.253676159082017E-4,6.723300945135713E-5,2.526660919098898E-4,1.3175821006844663E-4,1.350162399347111E-4,1.441131171244918E-4,1.5903868041355912E-4,0.06379213630458795,7.20664093134969E-5,7.385631614830586E-5
net.jforum.api.integration.mail.pop.POPMessage,1.1629685733876817E-4,7.410976406364256E-5,8.496338882219152E-5,1.7122994643110577E-5,1.2196356426125828E-4,3.176230632021192E-5,1.312061960089945E-4,0.7613472378488818,1.0282971416898059E-4,4.04650012093461E-5,0.0669568537464426,7.508855083229849E-5,2.4047893861079465E-5,7.523855376455431E-5,4.2277836550103625E-5,0.0014194076981727645,2.0117615622061618E-4,1.1649956556695705E-4,2.679694375738085E-5,6.125909415298623E-5,4.5544378080124015E-5,0.1638166336136055,9.179021180715097E-5,4.786599546498318E-5,4.9049594139573414E-5,5.2354367952798046E-5,5.77766254677998E-5,1.055047284769804E-4,0.004640045798129803,2.683101183583687E-5
net.jforum.api.integration.mail.pop.POPParser,6.679191776683648E-4,4.256291511506202E-4,4.8796397506021194E-4,9.834123434592348E-5,7.004643582894709E-4,1.8241811518989888E-4,7.535468846595243E-4,0.7290497237914696,5.905743259041878E-4,2.3239966195618016E-4,3.2053366531309776E-4,4.312505451297283E-4,1.3811249813535544E-4,4.321120459256467E-4,2.428111856873832E-4,0.008151979720123203,0.001155400205165851,0.1729091470458513,0.07964931491503875,3.5182484486390235E-4,2.615716731371457E-4,1.4027746036994313E-4,5.271719648420785E-4,2.749052473199693E-4,2.817029224378689E-4,3.006829865446668E-4,3.3182423888286557E-4,6.059375386146205E-4,1.5036204624741963E-4,1.5409657467526668E-4
net.jforum.api.integration.mail.pop.POPPostAction,0.2969827173306016,6.961316367703533E-5,0.12793042962889492,1.6084059149186133E-5,0.013116321547432572,2.9835132476339582E-5,1.2324527697013944E-4,0.2167518648565535,9.65905345098756E-5,3.800979247428993E-5,5.242442263909824E-5,0.032574927829483735,2.2588790999276287E-5,7.067346420827225E-5,3.9712634264304186E-5,0.0013332853189559602,0.013190727925580173,1.0943096943543936E-4,2.5171042647294276E-5,0.008725380944320689,4.278097880783647E-5,2.2942878283907836E-5,0.2882918588848172,4.4961732356975606E-5,4.6073516334474374E-5,4.917777342235315E-5,5.4271036161210395E-5,9.910324266937382E-5,2.4592248223457537E-5,2.5203043649479148E-5
net.jforum.api.rest.RESTAuthentication,0.17321634601298225,6.912120665495168E-4,7.924424036541806E-4,1.59703929196385E-4,0.0011375381957008162,2.9624287254671067E-4,0.0012237430119140026,5.550139065001932E-4,0.28067302751360146,3.774117683713224E-4,5.20539386460759E-4,7.003410825924366E-4,2.2429155755516496E-4,7.017401403023492E-4,3.94319846247848E-4,0.013238629763923539,0.0018763436699424012,0.5174815575477469,2.499315860167104E-4,5.713555507756645E-4,4.247864514241408E-4,2.2780740701266948E-4,8.561152878283801E-4,4.464398728133617E-4,4.5747914268779035E-4,4.883023353639411E-4,5.3887502129355E-4,9.84028789225306E-4,2.4418454524632367E-4,2.50249334524083E-4
net.jforum.api.rest.UserREST,0.442974800202481,9.547427744189772E-5,1.0945680720083839E-4,2.2059246333432673E-5,1.571234684013075E-4,4.0918808528472394E-5,0.053664665396315356,7.666178624142244E-5,1.3247367312368353E-4,5.2130333984468334E-5,7.189996269955085E-5,9.673523084915543E-5,3.098046956962828E-5,9.692847693153389E-5,5.446577718101296E-5,0.007772556857195428,0.018091049897835405,0.202244704696078,3.452202115621416E-5,7.8918990296325E-5,5.867400394104994E-5,3.146609938252404E-5,0.009034190815839057,6.166490190323519E-5,0.011951108557809894,6.744719153238872E-5,0.25269270808723415,1.35919845992129E-4,3.37282060717628E-5,3.4565910449555176E-5
net.jforum.C3P0PooledConnection,1.4634370745621072E-4,0.03783172947061847,1.0691481784467953E-4,0.014536344048327527,1.5347448398002767E-4,3.996852340316972E-5,1.6510507338345513E-4,7.488141780538487E-5,1.293971475455732E-4,0.3861445225033027,7.023018130756194E-5,9.448868325223045E-5,3.0260989201903876E-5,9.467744145032755E-5,5.3200881653638265E-5,0.3849767740880513,0.0815360164627083,0.055302827763393514,3.3720292944179164E-5,7.708620128609954E-5,5.731137792156717E-5,3.073534090568076E-5,1.1550544194775405E-4,6.023281624044962E-5,0.03780019467027999,6.58808198524296E-5,7.270399019155737E-5,1.3276328761409423E-4,3.294491316354341E-5,3.376316296681993E-5
net.jforum.cache.Cacheable,3.6404780360171034E-4,2.3198818480726284E-4,2.6596363646505864E-4,5.360066242159973E-5,3.8178647905686753E-4,9.94265719452359E-5,4.107189873314582E-4,1.8627665074556952E-4,3.218911709639975E-4,1.2666889845605722E-4,1.7470613322556467E-4,2.3505211259927227E-4,7.527789780141072E-5,0.09411457016635885,1.3234367539497228E-4,0.8710190499587588,0.02951560928591963,3.646823477066227E-4,8.388333736049338E-5,1.9176131829652437E-4,1.4256903570641788E-4,7.645790546211848E-5,2.8733386064929957E-4,1.4983646948839492E-4,1.5354152659561592E-4,1.6388656665633145E-4,1.8086003424668245E-4,3.3026485453305335E-4,8.19544856797193E-5,8.398998176532641E-5
net.jforum.cache.CacheEngine,2.0536383150006899E-4,1.308673806665476E-4,1.5003334969687838E-4,3.0236791149231844E-5,2.1537043591071623E-4,5.608774882193791E-5,2.3169161872075715E-4,1.0508094359487742E-4,1.8158275792684857E-4,7.145547936690496E-5,9.85538727353962E-5,1.3259577991681478E-4,4.246518552459602E-5,0.3749148373769279,7.46566906461765E-5,0.4709839444970652,0.15108278280307486,2.0572178561310397E-4,4.731961953603961E-5,1.0817491183647815E-4,8.042494182432301E-5,4.3130842320228014E-5,1.620885552909564E-4,8.452459036463583E-5,8.661465852584335E-5,9.245042251857045E-5,1.0202536378647692E-4,1.8630645554154943E-4,4.623153064320705E-5,4.7379778952929037E-5
net.jforum.cache.DefaultCacheEngine,1.7658890203477623E-4,1.125306578829826E-4,1.290111520516819E-4,2.6000107765304803E-5,1.8519341273690517E-4,4.822891114624048E-5,1.9922772311805435E-4,9.035733468087064E-5,1.5613995715081883E-4,6.144336397310602E-5,8.47448163120819E-5,1.1401687930597112E-4,3.651509826105365E-5,0.5395640476259084,6.419603166954854E-5,0.4575349782768247,3.054723692067698E-4,1.7689670075151208E-4,4.068934435794151E-5,9.301778589432861E-5,6.915605376676654E-5,3.708748533532092E-5,1.3937722042950634E-4,7.268127254153443E-5,7.447848697345039E-5,7.949656220355445E-5,8.772989303496964E-5,1.6020178522069509E-4,3.9753715033644094E-5,4.0741074427924905E-5
net.jforum.cache.EhCacheEngine,1.613304515884277E-4,0.07370844793180834,1.1786373424725353E-4,2.375352629067455E-5,1.691914755898032E-4,4.406161386806083E-5,1.8201312862367884E-4,0.003282795109080144,1.4264843094827432E-4,5.6134250469155685E-5,7.742230303189762E-5,1.0416506595365268E-4,3.3359951980965734E-5,0.7457615155728194,5.8649069449413526E-5,0.01156978021886255,2.79077533775083E-4,0.16337411922242226,3.717351557467067E-5,8.498043326149918E-5,6.318051279388357E-5,3.3882881021867364E-5,1.2733410567671965E-4,6.640112932373383E-5,6.804305252820078E-5,7.26275328304678E-5,8.014944935978374E-5,1.4635929017689468E-4,3.6318730819405853E-5,3.722077582406889E-5
net.jforum.cache.JBossCacheEngine,1.2877391176755422E-4,0.08437840486063877,9.40787927208591E-5,1.8960056632873245E-5,1.3504857846059884E-4,3.5169965252788684E-5,1.4528281756575318E-4,6.58912723827591E-5,1.1386192922570838E-4,4.4806339695210746E-5,6.179845603423316E-5,8.314452033269651E-5,2.66279023623267E-5,0.5135246794536692,4.681366735273975E-5,0.3285393285025402,0.0027771942636847864,0.06909873448025579,2.967188753004033E-5,6.78313530213275E-5,5.043066389415594E-5,2.7045304145503687E-5,1.0163803998544381E-4,5.3001358916507276E-5,5.43119414617079E-5,5.797127208485834E-5,6.397526330866099E-5,1.1682393580402786E-4,2.8989598628156312E-5,2.970961064508897E-5
net.jforum.cache.JBossCacheListener,2.6191259669475025E-4,1.6690288276494455E-4,1.9134637254714318E-4,3.8562761649728436E-5,2.746746090030806E-4,7.153201140343811E-5,0.010686393047816935,1.3401591993602674E-4,2.3158319211432894E-4,9.11313838096556E-5,1.2569156181936006E-4,1.6910721218583666E-4,5.415835363330532E-5,0.9093734638821105,9.521407720604489E-5,0.0031966534995354393,4.5306958996600184E-4,0.07299869062448967,6.0349499406800874E-5,1.3796183996648968E-4,1.0257066786478216E-4,5.500730497287664E-5,2.067210866716846E-4,1.0779919124636316E-4,1.104647783430409E-4,1.17907472072839E-4,1.3011895893670901E-4,2.3760760205657666E-4,5.896179551914528E-5,6.042622425643997E-5
net.jforum.Command,0.19456574776235572,9.4630557153978E-5,1.0848952123271503E-4,2.1864305516215573E-5,1.5573494510947978E-4,4.0557202975249074E-5,0.13861618358110306,7.598431471617926E-5,1.31302983712625E-4,5.1669650525245585E-5,7.126457211209971E-5,9.588036732977768E-5,3.070669058532456E-5,9.607190566799056E-5,5.3984455065400195E-5,0.39948408275265596,0.05033405138847802,0.047280212190868996,3.421694495757818E-5,0.011861085124251512,5.815549310415284E-5,0.002976903916997347,1.1720667302533867E-4,6.111996005939667E-5,0.023628358399455505,0.12967835023072696,7.377481668676469E-5,1.3471870224255445E-4,3.343014493424646E-5,3.4260446394753045E-5
net.jforum.ConfigLoader,6.585692974578175E-5,0.6127325911626481,4.811332014181039E-5,9.696460257424482E-6,6.906588937052269E-5,1.798645314895275E-5,7.429983432488807E-5,0.0457568786955254,0.02487938606184933,0.02876319977845017,3.1604666827164854E-5,4.252136755914527E-5,1.3617912751759156E-5,0.10193998088970055,0.002636694413144578,0.15364984827365305,0.019709571588500962,6.597171996323223E-5,1.5174652891013262E-5,3.468998176082765E-5,2.579100567439133E-5,1.3831378348424962E-5,0.00919661541381576,2.710569806170047E-5,2.7775949834133405E-5,2.9647386963421002E-5,3.2717919051737104E-5,5.974553096406029E-5,1.4825720008095095E-5,1.5193945063654834E-5
net.jforum.context.ForumContext,3.5886474501701723E-4,2.2868529891997933E-4,2.621770318061151E-4,5.2837533594119006E-5,0.014613653040937943,9.801100579659032E-5,4.0487145700131023E-4,1.836245737814382E-4,3.17308309096694E-4,1.2486547507302654E-4,1.7221878921564455E-4,2.3170560464618275E-4,7.420614362358819E-5,2.3216847840964983E-4,1.3045945849790726E-4,0.794550228776428,0.007739433380722039,3.594902549257669E-4,8.268906493935091E-5,1.8903115446316073E-4,1.405392372647879E-4,7.536935115866595E-5,0.007401894087325347,1.4770320239600068E-4,1.5135550948562406E-4,0.17100917932026513,1.782850752883921E-4,3.2556277400249003E-4,8.078767490279973E-5,8.279419101556745E-5
net.jforum.context.JForumContext,1.8917986138599044E-4,1.2055420252731702E-4,1.3820977185518546E-4,2.7853940572621723E-5,1.98397882015636E-4,5.166767911409414E-5,0.026482209906591652,9.679989995502842E-5,1.6727288697219076E-4,6.582433519651215E-5,9.078720360322325E-5,1.2214639297388591E-4,3.9118660051250283E-5,1.2239040243881055E-4,6.877327075958698E-5,0.452630839976261,3.272528443061851E-4,1.8950960644865245E-4,4.359053392837955E-5,9.965004391077403E-5,7.408694722515761E-5,3.973185887700486E-5,1.493149509249796E-4,7.7863517504951E-5,7.978887506249335E-5,0.5179553409573168,9.398511918090343E-5,1.7162432730835405E-4,4.258819332917024E-5,4.364595240233903E-5
net.jforum.context.RequestContext,4.6271694073381476E-5,2.9486474605365037E-5,3.380486820521892E-5,6.812823560985784E-6,0.009227250352105443,1.2637450011505562E-5,5.220375770409123E-5,0.004613038392169643,4.091344499378996E-5,1.6100040873707297E-5,2.2205734162871286E-5,2.987591008073986E-5,9.568072717628636E-6,2.993559260312508E-5,1.682132401249925E-5,0.12264177721142053,0.27911325310079366,4.635234675252989E-5,1.0661852882500855E-5,2.43735052582073E-5,1.8121001525837458E-5,0.0449854657194463,0.05878035477855033,1.9044716678988347E-5,0.1377003758371611,0.3423872362167547,2.298791557583365E-5,4.197776819679042E-5,1.0416689379239202E-5,1.0675407743225878E-5
net.jforum.context.ResponseContext,6.144225959515528E-5,0.0012579584808581753,4.488807962274125E-5,9.046465278453731E-6,0.023221723825019976,1.6780744681539586E-5,6.931920036492755E-5,3.143888857010423E-5,5.4327263321155574E-5,2.137857518867027E-5,2.9486071566180708E-5,3.96709794093819E-5,1.2705046130568433E-5,0.002477359462615234,2.233633709349661E-5,0.1457876545637745,0.13905001220868707,6.154935493602227E-5,1.4157431356048452E-5,3.2364564715173295E-5,2.406212485129669E-5,0.15480109051452678,4.849484458312358E-5,2.5288687815295126E-5,2.5914009760227958E-5,0.5326452774648283,3.052469775845979E-5,5.574053387114221E-5,1.3831888928603036E-5,1.4175430292290601E-5
net.jforum.context.SessionContext,3.666958852009104E-4,2.3367566550991267E-4,2.678982544048224E-4,5.399055332729755E-5,3.8456359167782423E-4,1.00149800249417E-4,4.1370655484878466E-4,1.8763162601617884E-4,3.2423260546337245E-4,1.2759028728432056E-4,1.7597694461924683E-4,2.3676188029480332E-4,7.582546879077581E-5,2.3723485488143426E-4,1.333063425175773E-4,0.8628068491157009,6.343289954237112E-4,3.6733504497593936E-4,8.449350426699897E-5,1.9315618900689663E-4,1.4360608204026394E-4,7.701405982032228E-5,0.014837412255584962,1.50926379093166E-4,1.546583867641661E-4,0.11654898531746495,1.8217560908048453E-4,3.3266719915784964E-4,8.255062213035369E-5,8.46009244026105E-5
net.jforum.context.standard.StandardRequestContext,0.23041637753327182,8.312237659957732E-5,9.529592884400017E-5,1.920535070135839E-5,1.3679575759066012E-4,3.562497359123321E-5,1.4716240126593584E-4,6.674373493566133E-5,1.1533500794093315E-4,4.5386017782179635E-5,6.259796813486975E-5,8.422019526656206E-5,2.697239851189809E-5,8.43884403066529E-5,4.7419315065086455E-5,0.35866460167950676,0.007988088861049727,1.306672728633673E-4,3.005576497053584E-5,6.87089151972023E-5,5.108310618177847E-5,2.739520039400785E-5,0.06996497899285535,5.368705934534093E-5,5.501459743718483E-5,0.3312564742523678,6.480293766234312E-5,1.1833533521937206E-4,2.9364649015871016E-5,3.009397612507431E-5
net.jforum.context.standard.StandardSessionContext,0.032929245368183035,1.3140267800795197E-4,0.00833140742327204,3.0360471120759843E-5,2.1625138287529144E-4,5.63171690386246E-5,2.32639325528177E-4,1.0551076460491142E-4,1.8232550044273022E-4,7.174775944417907E-5,9.895699554408741E-5,1.3313814706827296E-4,4.2638884278233334E-5,1.3340411454579096E-4,7.496206489465156E-5,0.5956218535954811,3.5670179243903216E-4,2.0656326592964093E-4,4.751317477039132E-5,1.0861738835291629E-4,8.075391041314848E-5,4.3307263863235566E-5,0.24149518277305104,8.487032807463683E-5,8.696894540924684E-5,0.11871385409183423,1.0244268631339347E-4,1.8706851977657812E-4,4.642063518030648E-5,4.757358026216784E-5
net.jforum.context.web.WebRequestContext,0.04106232301699229,0.0722548864634717,3.2840286054178944E-5,6.61842765430105E-6,0.005397233648983758,1.2276855240309967E-5,0.001834078168851793,2.3000807843528522E-5,3.974602796559776E-5,1.5640645145153783E-5,2.1572119658172896E-5,2.9023436128319365E-5,9.295059017138827E-6,2.908141568013028E-5,1.6341347317994286E-5,0.12092570234084901,0.006319533112976971,4.502973706019559E-5,1.0357629451572446E-5,2.3678035955158338E-5,0.0035843319079998013,9.440762353274619E-6,0.0125190268964993,0.0856199725285914,0.2568233724774555,0.3932519946214601,2.233198244456235E-5,4.077998195791769E-5,1.0119461400501198E-5,1.0370797540290673E-5
net.jforum.context.web.WebResponseContext,1.711918583445327E-4,1.0909141073841006E-4,1.2506821556966869E-4,2.520547279139939E-5,1.7953339147753098E-4,4.6754902657655666E-5,0.08848554769692962,8.759576542375742E-5,1.5136788959263351E-4,5.956548537474947E-5,8.215478108966517E-5,1.1053220913729673E-4,3.539909618845664E-5,1.1075301717388195E-4,6.223402395746378E-5,0.39261351972225816,2.9613629143645517E-4,0.010359075894763273,3.944576581649994E-5,9.017490591344202E-5,6.704245410493408E-5,3.595398953570055E-5,1.3511746831929383E-4,7.04599324751473E-5,7.220221907922119E-5,0.5060604872904377,8.504862563824004E-5,1.5530557699849985E-4,3.853873190382195E-5,3.949591487292822E-5
net.jforum.context.web.WebSessionContext,2.6889782477899243E-4,1.7135419483906152E-4,1.964495942791316E-4,3.9591233319594555E-5,2.820002008877378E-4,7.343977537234706E-5,3.0337071449465215E-4,1.3759013430939538E-4,2.3775953276311716E-4,9.356186447219876E-5,1.2904376495373666E-4,1.7361731388661555E-4,5.560276088049317E-5,1.7396414580552602E-4,9.775344359967431E-5,0.6860357783349005,4.651529890231119E-4,2.693665201751716E-4,6.195902496397615E-5,1.4164129231528525E-4,1.0530623506861384E-4,5.6474353814299224E-5,0.149564643383506,1.1067420355067888E-4,1.1341088204992252E-4,0.1601414903197726,1.3358924107558743E-4,2.4394461415855437E-4,6.053431091227732E-5,6.20377960709592E-5
net.jforum.ControllerUtils,0.10017356513500714,2.7492910860640104E-5,8.87334911644656E-4,6.352212442425077E-6,4.524550095182041E-5,8.675986105324244E-4,0.07878370685233271,2.2075638716779165E-5,3.814731029294725E-5,0.04537323680595582,0.007723044558961291,0.006874380587341786,8.921180773710539E-6,2.7911664246508733E-5,1.5684043881917347E-5,0.09808954068857763,0.040297963288007034,0.01715952991729406,9.941011084944039E-6,2.2725626457335537E-5,1.6895850939220983E-5,9.061023436205027E-6,0.5700072224202613,1.775711423726134E-5,1.8196200412563914E-5,0.00857757790385777,0.024840085283825496,3.913967521071462E-5,9.712422946427524E-6,9.953649509259899E-6
net.jforum.dao.ApiDAO,0.0014622295671945036,0.11695436615744847,0.0010682660057008842,2.152917079533405E-4,0.0015334784951561075,3.99355446797791E-4,0.0016496884231755916,7.481963184596897E-4,0.1173154692962035,5.087766132193056E-4,7.017223316422794E-4,9.441071899728196E-4,3.023602033371854E-4,9.459932144770882E-4,5.315698468145106E-4,0.017846569130633157,0.26358021066196036,0.4655550402650244,3.3692469744346653E-4,7.702259612151029E-4,5.726408930746088E-4,3.0709980641659487E-4,0.0011541013639989374,6.018311709680614E-4,6.167128540786945E-4,6.582646044283258E-4,7.264400086551357E-4,0.001326537423177997,3.291772974304551E-4,3.3735304394186575E-4
net.jforum.dao.AttachmentDAO,1.0448581306804845E-4,6.658321756635826E-5,7.633455421966994E-5,1.5383992812751933E-5,1.095770123812851E-4,2.853654412273999E-5,1.1788096757964148E-4,5.34634933000109E-5,0.04776314621947019,3.635539815011543E-5,5.0142624670300745E-5,6.746259929414956E-5,2.1605603110406743E-5,6.759736801187755E-5,3.7984122940036306E-5,0.2707186785889372,0.14733830778326318,1.0466793436111314E-4,2.407546102533711E-5,5.503765455795502E-5,4.0918916325643554E-5,2.1944278577298086E-5,8.246804885209408E-5,4.3004751537710485E-5,4.4068144587967906E-5,4.70372874073213E-5,5.1908863459191386E-5,9.478972682236148E-5,0.5306198052285068,0.0020967478010811666
net.jforum.dao.BanlistDAO,3.6669588520091024E-4,2.3367566550991256E-4,2.6789825440482227E-4,5.399055332729753E-5,3.8456359167782407E-4,1.0014980024941696E-4,4.137065548487845E-4,1.8763162601617876E-4,0.08033816842106767,1.275902872843205E-4,1.7597694461924675E-4,2.3676188029480322E-4,7.582546879077578E-5,2.3723485488143418E-4,1.3330634251757724E-4,0.8919028257759203,0.022456311490588517,3.673350449759392E-4,8.449350426699894E-5,1.9315618900689655E-4,1.4360608204026389E-4,7.701405982032226E-5,2.894239254750853E-4,1.5092637909316594E-4,1.5465838676416606E-4,1.6507867658592046E-4,1.8217560908048445E-4,3.3266719915784953E-4,8.255062213035366E-5,8.460092440261047E-5
net.jforum.dao.BannerDAO,1.9810077287802118E-4,1.2623902205757484E-4,1.447271523682107E-4,2.9167413035981103E-5,2.0775347585475333E-4,5.410410542817755E-5,2.234974308897542E-4,1.0136456838014329E-4,0.03554194647333499,6.892832874005184E-5,0.16514006833722342,1.2790629338192973E-4,4.096332840784675E-5,1.2816180928746523E-4,7.201632346598448E-5,0.47790461339994955,0.3186437561110049,1.9844606730464506E-4,4.564607669184536E-5,1.0434911290993772E-4,7.758057014076954E-5,4.160544306222863E-5,1.56356004089306E-4,8.153522728965483E-5,8.355137645807748E-5,8.918074823619693E-5,9.84170546080582E-5,1.7971739505129577E-4,4.4596470005723277E-5,4.5704108463528986E-5
net.jforum.dao.BookmarkDAO,1.92797398440478E-4,1.228594653154473E-4,1.4085264814928675E-4,2.8386569476125167E-5,2.0219168799723061E-4,5.265567932904963E-5,2.1751416013004278E-4,9.865092797879636E-5,0.02694156564223986,6.708304196326753E-5,0.24103237040740766,1.24482101962241E-4,3.986669528724491E-5,1.2473077742741824E-4,7.008836769172552E-5,0.5110038882298183,0.18390672751952783,1.9313344895750484E-4,4.4424081276154955E-5,1.0155557298605452E-4,7.55036533950286E-5,4.049161982977337E-5,1.5217018278635628E-4,7.935244004513719E-5,8.131461469439596E-5,8.679328203076197E-5,0.03451576048692156,1.7490616375194208E-4,4.34025737094244E-5,4.4480559473816424E-5
net.jforum.dao.CategoryDAO,1.6777344565151016E-4,1.0691303925057097E-4,1.2257081423451525E-4,2.470216200923388E-5,1.7594841243598664E-4,0.29291441902491305,1.892821190441429E-4,8.584662572006332E-5,0.0034763975751540242,5.837606309006758E-5,8.051428866680591E-5,1.0832506733536404E-4,3.469223593877928E-5,1.0854146620785534E-4,6.0991315457822935E-5,0.44135057808264017,0.2598782982176249,1.6806587881508303E-4,3.865810039913096E-5,8.837426512393529E-5,6.570372936475131E-5,3.5236049001716245E-5,1.324194003549741E-4,6.905296645554953E-5,7.076046253453744E-5,7.552803151646165E-5,8.335034802026612E-5,1.5220438655146116E-4,3.7769178423960296E-5,3.870724806347964E-5
net.jforum.dao.ConfigDAO,2.592190763973505E-4,0.1544258251895082,1.8937855830379003E-4,3.816618056680944E-5,2.7184984362765884E-4,7.079637315212658E-5,2.9245114378274336E-4,1.3263769450862168E-4,0.01565526545501483,9.019418477792093E-5,1.2439894444530192E-4,1.6736810641464653E-4,5.36013868183221E-5,1.677024544137759E-4,9.423489158156894E-5,0.6716265468655764,0.1547090489461066,2.5967090150158523E-4,5.9728862585046246E-5,1.3654303452946274E-4,1.0151582674870698E-4,5.444160750616648E-5,2.0459515821357515E-4,1.0669057977318626E-4,1.093287538586534E-4,1.1669490660920298E-4,1.2878081002216476E-4,2.3516403535901243E-4,5.8355429903263724E-5,5.9804798393064496E-5
net.jforum.dao.DataAccessDriver,7.419231690410959E-5,4.727879348521009E-5,5.420293215990254E-5,1.0923722910314084E-5,7.780742848508217E-5,2.026296453781307E-5,0.004498870467760986,3.796286138034677E-5,0.5828675978489953,2.58149038757231E-5,3.560480978905647E-5,4.790321670509243E-5,1.534150623709792E-5,4.799891202602489E-5,0.05300897113924728,0.1833990747436284,0.15171572970710015,7.432163590248156E-5,1.709528003424774E-5,3.9080627204033276E-5,2.9055324529347543E-5,1.5581989770980987E-5,5.8558147132504616E-5,3.05364150479487E-5,0.0015030137139202266,3.339980071132586E-5,3.685896424415328E-5,0.022143140628918524,1.670218337566281E-5,1.7117013980727138E-5
net.jforum.dao.ForumDAO,8.271350845272295E-5,5.270889288479487E-5,0.1936693479739126,1.217834251550944E-5,8.674382553659004E-5,2.259022171718687E-5,9.331743824363724E-5,4.2323000368504904E-5,7.313530758042022E-5,2.8779816550149823E-5,3.9694120069750634E-5,0.3380486377049837,1.710352040171174E-5,5.351171901960383E-5,3.006915466910136E-5,0.19954070196582102,0.26758591172504065,8.285768009355153E-5,1.9058719940529216E-5,4.356914466974235E-5,3.2392408423650095E-5,1.7371624130542397E-5,6.528371130504386E-5,3.4043606259780475E-5,3.488541403701192E-5,3.723585963794709E-5,4.10923176116436E-5,7.503785098218537E-5,1.8620475050096355E-5,1.9082950090507663E-5
net.jforum.dao.generic.AutoKeys,1.5071901942805826E-4,9.604516601149342E-5,1.101113043258198E-4,2.2191149626372664E-5,1.5806298839065883E-4,4.116348259876945E-5,0.009139293308647527,7.712018549473599E-5,1.3326579962922E-4,0.16149897814150843,7.232988862263009E-5,9.73136592913355E-5,3.116571732883517E-5,9.750806088892188E-5,5.4791455368477746E-5,0.36658911308047404,0.015209474686474309,1.5098172631525838E-4,3.4728445627867456E-5,7.939088650430231E-5,5.902484522605201E-5,3.165425096584634E-5,1.1895876667043655E-4,6.203362726660042E-5,6.356755376911066E-5,6.785049210432137E-5,7.487765822426995E-5,0.44560958217193386,3.392988392505743E-5,3.4772597357296676E-5
net.jforum.dao.generic.GenericApiDAO,0.021475667037660063,3.364697981431542E-4,3.8574693426376565E-4,7.774104564988344E-5,5.537334569377954E-4,1.4420578625705933E-4,5.956964354705792E-4,2.701709448143516E-4,4.6686281634688247E-4,1.8371736789067267E-4,2.5338935872796413E-4,3.409136415507791E-4,1.0918115980313792E-4,3.4159467807781023E-4,1.919479208937513E-4,0.01691816127209299,0.011387201537013298,0.24142703108930558,1.2166227177779832E-4,2.7812576796745867E-4,2.0677852497296998E-4,1.108926130813968E-4,4.1674176714079066E-4,2.1731902719584006E-4,2.2269274835328272E-4,2.3769693291511142E-4,2.6231482118670407E-4,0.7022256615843175,1.1886471406503234E-4,1.2181694612639533E-4
net.jforum.dao.generic.GenericAttachmentDAO,0.002463040977507604,1.953498070176707E-5,2.2395944474643156E-5,4.5135398032352775E-6,3.2149014428333135E-5,8.37239261045432E-6,3.458532811934034E-5,1.568575908522123E-5,2.710542270967428E-5,1.0666381518131963E-5,1.4711442929204324E-5,1.9792984230430564E-5,6.338910242527635E-6,1.9832524288665124E-5,1.1144236276470793E-5,0.0769942980270548,5.302907625033739E-5,3.070873040643297E-5,7.063546696994344E-6,0.002448533285366264,1.2005281059931038E-5,6.438274901546863E-6,2.419546248621093E-5,1.2617248340938217E-5,1.2929239312153579E-5,1.380036194330388E-5,1.5229643189221863E-5,0.5588684205293171,0.3587837889278689,7.072526880153653E-6
net.jforum.dao.generic.GenericBanlistDAO,1.6395391527844537E-4,1.0447905692930159E-4,1.1978036699775491E-4,2.4139792572829646E-5,1.7194277076377763E-4,4.4778118675233436E-5,1.8497292219860108E-4,8.389224138296154E-5,0.11397497135751662,5.704707359970687E-5,7.868130031853446E-5,1.0585893878179583E-4,3.3902432472783024E-5,1.0607041111741492E-4,5.960278713035317E-5,0.40203221826765845,2.836157332863966E-4,1.642396909084257E-4,3.77780100602452E-5,8.636233654651734E-5,6.420791821920464E-5,3.443386508717468E-5,1.2940474020017563E-4,6.748090657621056E-5,6.914952979835121E-5,7.38085603017252E-5,0.026099739253195756,0.45546875233831297,3.690932528334072E-5,3.782603882883529E-5
net.jforum.dao.generic.GenericBannerDAO,1.0320240341908802E-4,6.576536927313742E-5,7.539692928707921E-5,1.519502969674914E-5,1.0823106702406413E-4,2.818602690896995E-5,1.1643302391362461E-4,5.280679588671061E-5,9.125159430769061E-5,3.5908841173549925E-5,0.23342841916484378,6.663394946757765E-5,2.1340219335430073E-5,6.67670628077225E-5,3.751756017465118E-5,0.24896876469186624,1.7852471087935774E-4,1.0338228769817027E-4,2.377973973958739E-5,5.436162156513304E-5,4.0416305200790334E-5,2.167473481782867E-5,8.145508559402204E-5,4.247651989119309E-5,4.3526851178697624E-5,4.645952372106693E-5,5.127126171907086E-5,0.5159838087191202,2.3232937568758697E-5,2.3809971920034788E-5
net.jforum.dao.generic.GenericBookmarkDAO,7.750001314233607E-5,4.938661130091513E-5,0.033878002928747014,1.141073232969337E-5,8.127629627686193E-5,2.116634287095862E-5,8.743556917821611E-5,3.9655349484504235E-5,6.852553355164522E-5,2.6965802836733685E-5,0.20757749989841257,5.0038873014345735E-5,1.602547250997713E-5,5.01388346941988E-5,2.8173872993989472E-5,0.20233685597309134,1.3406342275961924E-4,7.763509753505474E-5,1.785743433566675E-5,4.082294836320916E-5,3.0350690298425567E-5,1.6276677456987224E-5,0.0015985044421643923,3.1897811879827774E-5,3.268655987298112E-5,3.488885510105671E-5,0.033859885719344486,0.5196897452868582,1.74468123537988E-5,1.7880137240874106E-5
net.jforum.dao.generic.GenericCategoryDAO,8.729695786395378E-5,5.562967993129681E-5,6.377683407543862E-5,1.285318774788625E-5,0.0018232241505024027,0.29440834405804334,9.84884890837771E-5,4.466826820624175E-5,7.71879948468691E-5,3.0374608449196304E-5,4.189371230887098E-5,5.6364395462364466E-5,1.8051287241514063E-5,5.647699351493662E-5,3.173539337475457E-5,0.20193959358762212,0.00534603129484165,8.744911856768916E-5,2.0114831334234174E-5,4.598346579116477E-5,3.4187386875115355E-5,1.8334247550618548E-5,6.890131372261143E-5,3.593008345058604E-5,3.681853878796936E-5,3.9299230931546276E-5,4.336938894480862E-5,0.49533782879502675,1.9652301737196492E-5,2.0140404162920488E-5
net.jforum.dao.generic.GenericConfigDAO,1.3180407587817537E-4,0.1098947884172128,9.629254997464115E-5,1.9406203545362643E-5,1.3822639103167595E-4,3.5997545661102756E-5,1.487014508404207E-4,6.744175233663206E-5,1.1654120118980473E-4,4.586067252248248E-5,6.325262839722503E-5,8.51009844801996E-5,2.7254480470981903E-5,8.527098905570935E-5,4.791523437630647E-5,0.34149923522284464,0.002842544102565435,1.3203381356241483E-4,3.0370093303661698E-5,6.942748478962474E-5,5.1617342047435207E-5,2.768170408752352E-5,1.0402967301740212E-4,5.424852779876387E-5,5.558994951113712E-5,5.933538742240957E-5,6.548065787332533E-5,0.5439444710105855,2.9671749540081035E-5,3.0408704076992923E-5
net.jforum.dao.generic.GenericDataAccessDriver,5.9980177256228926E-5,3.822215738819265E-5,4.381992117809471E-5,8.831195247688445E-6,6.290278491259895E-5,1.6381429444851155E-5,6.766967804478733E-5,3.069076758567598E-5,0.7662854553614891,2.0869849802906158E-5,2.878441988921942E-5,3.872696727922024E-5,1.2402716371130135E-5,3.8804331385796655E-5,0.09520595648186052,0.13755927842514162,1.037567289947473E-4,6.008472415230409E-5,1.3820540582717048E-5,3.1594416306099724E-5,2.3489541616013203E-5,1.2597133334926445E-5,4.73408594227283E-5,2.468691724121486E-5,2.529735900143682E-5,2.7001798172407252E-5,2.9798330893247235E-5,5.4414130013726955E-5,1.3502744775218154E-5,1.3838111215589945E-5
net.jforum.dao.generic.GenericForumDAO,2.651198395329281E-5,1.6894668700412356E-5,0.1199262169806781,3.903498078955697E-6,0.09100975429237658,7.240795450113308E-6,2.99108388890528E-5,1.3565700785940592E-5,0.014222937065255748,9.224733043362571E-6,1.2723071406538341E-5,0.1956546066933012,5.48215481264681E-6,5.43059225049537E-4,9.638001832940637E-6,0.0634324471870278,4.5861764002526716E-5,0.002656094336007227,6.108850738962677E-6,1.3965124753511476E-5,1.038266938981533E-5,5.568089527417604E-6,0.016324049322715927,1.0911924300580262E-5,1.1181747146923113E-5,1.1935130448161008E-5,1.3171232674118806E-5,0.49595456791943393,5.968381041568453E-6,6.116617177110825E-6
net.jforum.dao.generic.GenericGroupDAO,9.723091815820154E-5,6.19600612543257E-5,7.103432108186545E-5,1.4315816685552084E-5,1.019686138244066E-4,2.6555130353524682E-5,1.0969599005446881E-4,4.975129530857378E-5,0.2276760397433291,3.383108805250481E-5,4.6661008728335396E-5,0.01163515472976321,2.010543408815127E-5,0.0019916331859159042,3.534672354502755E-5,0.2499927986028012,1.6819493517257483E-4,9.740039399440245E-5,0.0019511331902510266,5.121615584748058E-5,3.807774172929883E-5,2.042059387527047E-5,0.007791659505064359,4.0018748520947104E-5,4.1008305663716734E-5,4.377128825428667E-5,4.830461003733437E-5,0.4977003909504211,2.188863608291483E-5,2.2432282140803242E-5
net.jforum.dao.generic.GenericKarmaDAO,5.8928479015521885E-5,3.755196637642776E-5,4.305157843355676E-5,8.67634821438179E-6,0.04681939160215709,1.609419587343607E-5,6.648315135206197E-5,3.0152632692577578E-5,5.210457782128638E-5,2.0503915833958824E-5,2.827971108137539E-5,0.012896385659093951,1.2185245940327909E-5,0.002376003520517293,2.142249292865401E-5,0.14332987926446067,1.019374484534588E-4,5.9031192776189595E-5,1.3578209884787103E-5,3.1040436748764556E-5,2.3077673716939756E-5,1.237625397824001E-5,4.651078020579381E-5,2.425405444189111E-5,2.485379265713125E-5,2.6528346026500195E-5,0.34019075590368114,0.4536021001068642,1.3265986339774578E-5,1.3595472432480432E-5
net.jforum.dao.generic.GenericLuceneDAO,9.798687885088973E-5,6.244179455184135E-5,7.158660584464338E-5,1.4427120732690656E-5,0.23918094498020415,2.676159384391169E-5,1.1054886543811753E-4,5.013810666833499E-5,8.664002600858454E-5,0.0019778191910679106,4.702379341810259E-5,6.326647943770861E-5,2.026175183324698E-5,6.33928656487084E-5,3.562154079576955E-5,0.2480490175429766,1.6950263402092705E-4,0.002041882742024294,2.2577986556247863E-5,0.0991815929100052,3.8373792374082906E-5,2.0579361956282896E-5,7.733860200405033E-5,4.032989029997656E-5,4.1327141150851315E-5,4.411160565553476E-5,4.8680173563377004E-5,0.40827115851412465,2.2058818045696637E-5,2.260669089747205E-5
net.jforum.dao.generic.GenericMailIntegrationDAO,0.02698270626774415,8.624663993457862E-5,9.887775107577351E-5,1.992720894803899E-5,1.4193740521080766E-4,3.6963984858170993E-5,1.5269369275896868E-4,0.3410307701045283,1.1967002519251849E-4,4.709191067263029E-5,6.495079471045576E-5,0.01082633116152002,2.7986191417913187E-5,8.756029030341252E-5,4.9201632095582404E-5,0.004336598921037585,2.3412255764411642E-4,1.355785733626086E-4,3.11854502411485E-5,7.12914297175995E-5,5.3003131597443975E-5,2.842488486222657E-5,1.0682259547408077E-4,5.570495774933748E-5,5.7082393098163646E-5,6.092838614288094E-5,6.723864090401226E-5,0.6149274095617968,3.0468357788629257E-5,3.122509761195023E-5
net.jforum.dao.generic.GenericModerationDAO,1.1240712264201832E-4,7.163104428356643E-5,0.05136691132603632,1.655028865689846E-5,0.13167451867824836,3.069996510334964E-5,1.2681779459623662E-4,5.751668357436362E-5,9.939040964938529E-5,3.911158442053706E-5,5.394405226321377E-5,0.19852241539716334,2.324357352710242E-5,7.272207980465388E-5,4.086378657923105E-5,0.2756340694158254,1.9444749739941822E-4,1.1260305096878469E-4,2.5900677045750697E-5,5.921018561434677E-5,4.402107339490707E-5,2.3607924759340087E-5,8.872014112890167E-5,4.626504056718862E-5,4.740905188802801E-5,5.0603292246949876E-5,5.584419367311616E-5,0.34125731595820047,2.530510507609738E-5,2.5933605662747017E-5
net.jforum.dao.generic.GenericModerationLogDAO,1.1629685733876816E-4,7.410976406364255E-5,8.49633888221915E-5,1.7122994643110574E-5,0.039339816366072686,3.176230632021191E-5,1.3120619600899447E-4,5.950699018912928E-5,1.0282971416898057E-4,4.046500120934609E-5,5.581073158779488E-5,7.508855083229849E-5,2.4047893861079462E-5,7.523855376455431E-5,0.22612166457640423,0.2597958496865775,2.0117615622061615E-4,1.1649956556695703E-4,2.6796943757380847E-5,6.125909415298622E-5,4.554437808012401E-5,2.442485309890012E-5,9.179021180715096E-5,4.786599546498317E-5,4.904959413957341E-5,5.235436795279804E-5,0.062344954604815365,0.41073949288862016,2.6180762622575692E-5,2.6831011835836867E-5
net.jforum.dao.generic.GenericPollDAO,5.1311075191964895E-5,3.26978025317689E-5,0.017340707246620582,7.5547980035688645E-6,5.3811270224266856E-5,1.4013775824734405E-5,5.78891910162128E-5,2.625494547240937E-5,4.5369267204900966E-5,1.7853472288142056E-5,2.462412751771996E-5,3.3129650843345446E-5,1.0610117232315827E-5,3.3195833300138524E-5,1.865330929671488E-5,0.1207309623528007,0.003142270022464142,5.1400511633986116E-5,1.1823019361946818E-5,2.702798732659913E-5,2.0094532747631628E-5,1.0776434570881377E-5,4.0498553165572536E-5,2.1118848339019248E-5,2.1641061251549637E-5,2.3099153082258787E-5,2.549149514058288E-5,0.515071825668305,1.1551155467570389E-5,0.3430227433217736
net.jforum.dao.generic.GenericPostDAO,4.133898529264707E-5,2.634312325176812E-5,0.059071951004596314,6.0865550446964486E-6,0.34199348778045113,1.1290257913049287E-5,4.663867219834061E-5,2.1152408143517986E-5,0.0024966248525834134,1.438372564950191E-5,1.983853274348646E-5,8.467153470382116E-4,8.54808593620447E-6,2.674436385200683E-5,1.5028117726849854E-5,0.1054676547648732,0.004991656077236005,4.1411040141381186E-5,9.52526567977156E-6,0.009862066852948811,0.029537064166584078,8.682080205222442E-6,3.2627831075877683E-5,1.7014489710421696E-5,1.7435212757638308E-5,1.8609930623508588E-5,2.0537331146573978E-5,0.4453106995316663,9.306237380536293E-6,9.537375549517564E-6
net.jforum.dao.generic.GenericPrivateMessageDAO,6.15923977927137E-5,0.004926380922378149,4.4997766594067234E-5,9.068570910638016E-6,0.057488387314448545,1.6821749533522163E-5,6.948858638470541E-5,3.1515711559594794E-5,0.013494071319118657,2.1430815141535664E-5,2.9558122719038603E-5,3.976791805361711E-5,0.2626960479340688,3.9847361647235995E-5,2.2390917400493318E-5,0.15347459334938848,1.0654562921038389E-4,6.169975482808135E-5,1.4192025969590657E-5,0.0012542264954333818,2.4120922234049266E-5,1.2935734486047522E-5,4.861334492156426E-5,2.535048238522506E-5,2.5977332345408706E-5,2.7727585516275954E-5,3.059928686264749E-5,0.5058739748917221,1.386568805783839E-5,1.4210068887415892E-5
net.jforum.dao.generic.GenericRankingDAO,1.1019571922673454E-4,7.022183522060079E-5,8.050605969453845E-5,0.015317572095097242,1.1556514071636193E-4,3.009599974881558E-5,0.21652909330061906,5.638514860128889E-5,9.743508612380164E-5,3.8342135925354204E-5,5.288280224092624E-5,7.114927311023753E-5,2.2786298964128954E-5,7.129140662428339E-5,4.005986672896918E-5,0.3008141708116995,0.002376528872334954,1.1038779302399443E-4,2.5391128857603012E-5,5.804533410307601E-5,4.315503973296574E-5,2.3143482255933706E-5,8.697473551326524E-5,4.535486097790804E-5,4.64763659799078E-5,4.960776553414638E-5,5.4745561863050286E-5,0.46351220539614557,2.4807273671163983E-5,2.542340966461741E-5
net.jforum.dao.generic.GenericSmilieDAO,0.16283932811179191,8.041735613485796E-5,9.219474901405806E-5,1.8580358144546065E-5,1.3234406432938481E-4,3.446564337761823E-5,1.4237335019032425E-4,6.457171849101017E-5,1.1158170384230635E-4,4.390903755212282E-5,6.056086583123406E-5,8.147944889887617E-5,2.609464581831568E-5,8.164221880344813E-5,4.587616600076235E-5,0.32446320273751744,2.1829855761977643E-4,1.2641501659226503E-4,2.9077671433584343E-5,6.647294662507602E-5,4.942072773116225E-5,2.650368861664541E-5,9.960261304098526E-5,0.010065055821802359,5.322427793461855E-5,5.6810325954620506E-5,6.269407985868568E-5,0.5007702784117478,2.8409046207377255E-5,2.911463909678828E-5
