org.endeavour.mgmt.controller.ActorMaintenance,0.2918063480401229,1.6554851316876826E-4,0.2892408939025809,2.461529908761923E-4,2.3740179266562892E-4,9.822006190596381E-5,1.2890951519460803E-4,2.1157483262026304E-4,1.2345256868369998E-4,2.5048321845396224E-4,0.415698982914609,5.816631546924003E-4,7.535474330761915E-5,7.840105335467446E-5,1.767397254529003E-4,1.4501469020448008E-4,1.6178416735422956E-4,3.0244163420621294E-5,2.1959571895207637E-4,3.2323423237893124E-4
org.endeavour.mgmt.controller.ApplicationController,7.108545544244919E-5,1.1456869354916251E-4,0.20017063700009297,1.7035143377672234E-4,1.6429512238628477E-4,6.797369518753899E-5,8.921248798438872E-5,1.464214428581124E-4,0.15405788382594648,1.7334818987473633E-4,0.02422263666832534,0.010667372811569771,5.214963473990986E-5,5.425784915728138E-5,1.2231362913379834E-4,0.6091469296349002,1.1196355881382792E-4,2.0930627670787512E-5,1.519723381851237E-4,2.2369590040514461E-4
org.endeavour.mgmt.controller.AttachmentMaintenance,8.647063168783186E-5,1.3936503946107906E-4,0.2351696809819077,0.34566619121971176,1.998538650072157E-4,8.268538654551132E-5,1.0852093641994977E-4,1.7811174702024986E-4,1.0392707114582074E-4,2.108663071385425E-4,0.36659985114502164,4.896661827709802E-4,6.343649105407404E-5,6.600099079975125E-5,1.4878622791962703E-4,0.05006795410447718,1.3619606987659534E-4,2.5460687914999606E-5,1.848640344238004E-4,2.7211087969565556E-4
org.endeavour.mgmt.controller.ChangeRequestMaintenance,5.9826746857625216E-5,9.64229909495875E-5,0.1454295766156127,1.433707084235336E-4,1.3827361217238834E-4,5.72078356908697E-5,7.508277047619157E-5,1.2323081482529935E-4,0.09222185712119813,0.3399488435028307,0.42066254646320145,3.387871025059423E-4,4.389003315633409E-5,4.566434281623062E-5,1.0294126248300624E-4,8.446315761766533E-5,9.42304645688984E-5,1.7615577693600076E-5,1.279025441895593E-4,1.88266332730498E-4
org.endeavour.mgmt.controller.ci.ChangeProjectDescription,2.6211733323509015E-4,4.224554831704976E-4,0.6245500405379114,6.281462678462944E-4,6.058144957415491E-4,2.5064316746366375E-4,3.2895814335278897E-4,5.399078882103342E-4,3.1503281759313645E-4,0.06372265489706723,0.0010006265673997551,0.0014843189126534043,1.922942337800153E-4,2.0006796945533327E-4,4.5101381270340544E-4,3.700561838009377E-4,4.1284942571058806E-4,7.717866156804894E-5,5.603760116981452E-4,0.30362544718963835
org.endeavour.mgmt.controller.ci.CIMaintenance,3.817189919650827E-5,6.152179224306872E-5,0.08911527451595215,9.147634656952063E-5,8.822419173053797E-5,3.6500927293257276E-5,4.790586312226433E-5,7.862627484341248E-5,4.587793110946895E-5,9.308556284277816E-5,0.0038204340476555372,2.16159958633714E-4,2.8003627296700606E-5,2.913570906678483E-5,6.568071474810239E-5,0.7846052760319528,6.012287118542673E-5,1.1239455449726805E-5,8.160702829788798E-5,0.12138567525081032
org.endeavour.mgmt.controller.ci.CreateProject,0.05272451084897155,4.3907448542481207E-4,0.6622322735397537,6.528569525391091E-4,6.296466694770286E-4,2.6050323445544674E-4,3.418990480013119E-4,5.611473578556328E-4,3.2742591299450536E-4,6.643417578634758E-4,0.0010399902775226322,0.0015427106257171754,1.9985890847827692E-4,2.0793845561979475E-4,4.6875627284096225E-4,3.84613846792209E-4,4.290905346792403E-4,8.021479768577268E-5,5.824206781131309E-4,0.2762307257952142
org.endeavour.mgmt.controller.ci.DeleteProject,3.1354385289913934E-4,5.05339796635444E-4,0.7772686978768006,7.513864061332349E-4,7.246732171145319E-4,2.998184952496711E-4,0.015485541843479184,6.458359597618687E-4,3.7684117337342254E-4,7.646045032435646E-4,0.0011969460599325161,0.0017755371804694738,2.3002170137141595E-4,0.04551545034717659,5.395011722438254E-4,4.426599348698283E-4,4.938490637259603E-4,9.232084964003916E-5,6.703198587119152E-4,0.1519071107071676
org.endeavour.mgmt.controller.ci.RenameProject,2.9154388806885696E-4,4.698823713007553E-4,0.722731242082795,6.986649945793591E-4,6.738261501331365E-4,2.7878157715999403E-4,3.658885696008806E-4,6.005205492713836E-4,3.5039991967266977E-4,7.109556371442982E-4,0.0011129617273462507,0.0016509557059356625,2.1388211102836842E-4,2.2252856372811827E-4,5.016467965145129E-4,4.116004740994588E-4,4.5919789154388603E-4,8.584310999882859E-5,6.232865229269976E-4,0.2675463913571514
org.endeavour.mgmt.controller.CommentMaintenance,7.658864102588165E-5,1.2343819827032013E-4,0.21198064373334308,0.007556537327843488,1.7701427208177304E-4,0.07380321484000174,9.611900458025275E-5,1.577568752391359E-4,9.205013296992725E-5,0.007559766082243448,0.055589859426607734,4.337064129489615E-4,5.618687578022769E-5,5.845830073224727E-5,0.6194636051497843,1.0812753155518326E-4,1.2063138317957161E-4,2.255100314328236E-5,1.6373750133102195E-4,0.0223600073073385
org.endeavour.mgmt.controller.DefectMaintenance,7.060230832086181E-5,1.1379000353208696E-4,0.18181836419067735,1.6919360473314056E-4,1.6317845632600968E-4,6.751169779342922E-5,8.860613670604314E-5,1.4542625898800494E-4,0.32632686488726026,1.7216999275341147E-4,0.48963253698664716,3.9980698805466375E-4,5.179518887247332E-5,5.388907437092461E-5,1.2148229904694614E-4,9.967605141672358E-5,1.1120257513823798E-4,2.078836829509363E-5,1.5093942649738062E-4,2.22175504570034E-4
org.endeavour.mgmt.controller.DependencyMaintenance,6.942269378279518E-5,0.518056012027426,0.17878056569955572,1.663667391442128E-4,0.010185177056498157,6.638372078955046E-5,8.712571645483326E-5,1.4299649523949863E-4,8.343754515342996E-5,1.692933980456611E-4,0.2842988934711624,3.931270628971663E-4,5.0929801334176315E-5,0.006736138679398062,1.1945258798675983E-4,9.801067641490509E-5,1.0934461641956032E-4,2.044103883736356E-5,1.4841754943559142E-4,2.1846342402442295E-4
org.endeavour.mgmt.controller.DocumentAssignmentMaintenance,9.928047853533785E-5,1.600107173813928E-4,0.2700079554081948,2.3791887889395788E-4,2.294604187313378E-4,9.493448334867346E-5,1.2459733771543277E-4,2.0449740139256777E-4,1.1932293259267498E-4,0.4924525619821012,0.23453737391420748,5.622058264079517E-4,7.2834037007936E-5,7.577844434005466E-5,1.708275702281827E-4,1.4016377535691968E-4,1.5637229343709602E-4,2.9232459977457972E-5,2.1224997948234904E-4,3.124216606672254E-4
org.endeavour.mgmt.controller.DocumentMaintenance,9.061953081824162E-5,1.4605183565700598E-4,0.2551769429573764,2.1716350984849877E-4,2.0944294179031208E-4,8.665266794082628E-5,1.1372781891815339E-4,1.866576273718105E-4,1.089135379575765E-4,0.3317222195625981,0.41036062424309566,5.131605826641577E-4,6.648020193525094E-5,6.91677475122942E-5,1.559250569021792E-4,1.2793628463461207E-4,1.4273081751110057E-4,2.6682302975376697E-5,1.9373389250965125E-4,2.8516687998278206E-4
org.endeavour.mgmt.controller.EventMaintenance,8.94490387048925E-5,1.44165349154228E-4,0.2389643815004425,2.1435850552669627E-4,2.0673766060701058E-4,8.553341402823616E-5,1.1225884734094347E-4,1.8424665394519479E-4,1.0750675030302564E-4,0.004523647601112859,0.08214631503762161,5.065323160039078E-4,6.562150678028325E-5,6.827433852826791E-5,0.6718147477800523,1.262837886348661E-4,1.4088722712037448E-4,2.633765955340498E-5,1.9123151811835363E-4,2.814835064208762E-4
org.endeavour.mgmt.controller.ExtensionsMaintenance,7.520247186073954E-5,1.2120410425910515E-4,0.19366492034049973,1.802175821381951E-4,0.021892475000556487,7.191048953396513E-5,9.437935757060972E-5,1.5490165136890476E-4,9.038412800808148E-5,1.8338789967687716E-4,0.10888040606282928,4.2585680955736874E-4,5.516995586039386E-5,5.740027054870789E-5,0.6734079967825987,1.061705435718859E-4,1.1844808939772402E-4,2.2142855083967963E-5,1.6077403478451698E-4,2.3665157029485688E-4
org.endeavour.mgmt.controller.GlossaryTermMaintenance,0.35744745832861047,1.4416534915422802E-4,0.26049197242152117,2.143585055266963E-4,2.067376606070106E-4,8.553341402823617E-5,1.1225884734094349E-4,1.842466539451948E-4,0.05177372496089178,2.181294168971298E-4,0.3275608515379182,5.065323160039079E-4,6.562150678028327E-5,6.827433852826792E-5,1.539110423985776E-4,1.262837886348661E-4,1.408872271203745E-4,2.6337659553404983E-5,1.9123151811835365E-4,2.814835064208762E-4
org.endeavour.mgmt.controller.HomeController,6.44679319190355E-5,1.0390320621579142E-4,0.0015573957526157352,1.5449299110025422E-4,0.0032520841678915845,6.164585323903992E-5,8.090747348958936E-5,1.327907031179669E-4,7.748253038512669E-5,1.5721077164906327E-4,0.45639940733722256,3.65069220818191E-4,0.071418219786128,4.920684975250398E-5,1.109271463014233E-4,9.101556378990045E-5,1.0154059001375504E-4,1.898214298979132E-5,1.3782485166219589E-4,0.4656654251296985
org.endeavour.mgmt.controller.IBasicInfoMaintenance,2.3808642867711769E-4,3.837247847051765E-4,0.5902113107589136,0.34437037825742367,5.50273451784932E-4,2.2766421387410816E-4,0.05759876934474613,4.904091588758559E-4,2.8615062396338556E-4,5.805948796140522E-4,9.088891716213974E-4,0.0013482366258266271,1.7466470763619687E-4,1.8172574759709243E-4,4.0966488795418984E-4,3.361294505923711E-4,3.749994101331492E-4,7.010292557164153E-5,5.090007657825399E-4,7.492244047066921E-4
org.endeavour.mgmt.controller.IPrivileges,1.4107992376771356E-4,2.2737903909426634E-4,0.3497342002707463,3.380883915191055E-4,3.2606871824053714E-4,1.3490416113366035E-4,1.7705578343175032E-4,2.905956762576437E-4,1.6956072817399544E-4,0.013925449104446685,5.385691900126804E-4,7.989078648847018E-4,1.0349890069392655E-4,0.5637363305070212,2.4275004452801348E-4,1.9917606194163036E-4,0.06812927471992229,4.1540021623632415E-5,3.016122743043613E-4,4.439586182557137E-4
org.endeavour.mgmt.controller.IReportConstants,1.4401378994799853E-4,0.014095956752185607,0.3362114197994246,3.4511920122848707E-4,3.328495695434474E-4,1.377095975512574E-4,1.807377954513312E-4,2.9663883820401027E-4,0.3883608641955844,0.028078888783908813,0.03520939212813296,8.155217721179385E-4,0.007037575835435197,1.0992232437608884E-4,2.47798219540328E-4,2.0331808226916494E-4,0.04181837732507533,4.240387851634342E-5,3.0788453493158814E-4,0.14602360757657507
org.endeavour.mgmt.controller.ITaskMaintenance,1.3467801172888606E-4,0.12338567305053277,0.3857244615270124,0.0845960074870343,3.112724013937395E-4,1.2878249229386507E-4,0.013134138414391617,2.7740905190613E-4,1.6186641676511814E-4,0.03274121691115269,0.2987118222490641,7.626550959468593E-4,9.88023369259392E-5,1.0279654536509928E-4,2.3173455493185696E-4,1.9013786859181097E-4,2.1212538336122115E-4,3.9655022274161925E-5,2.8792573976166877E-4,0.05876683943956533
org.endeavour.mgmt.controller.IterationMaintenance,4.533548046987167E-5,0.054627240996090086,0.13202521680792853,0.0743023195204643,1.047809044181874E-4,4.335092335638989E-5,5.689618194764662E-5,9.338178143120405E-5,0.045879993527211095,0.10921890185774313,0.5828116415006215,2.5672591066423615E-4,3.3258966022609296E-5,3.4603501454648944E-5,7.800677522962196E-5,6.400444673537037E-5,7.140591141110563E-5,1.3348723111992617E-5,9.692192202848505E-5,1.426643616600057E-4
org.endeavour.mgmt.controller.ITestMaintenance,2.25183425155829E-4,3.6292896582643125E-4,0.005439909416321761,0.011378560675605337,5.204515911879066E-4,2.1532603832327568E-4,2.826059632868512E-4,4.6383162088258867E-4,2.7064279964457183E-4,5.491297607589921E-4,0.4235776680054711,0.001275169454265314,1.6519882018432923E-4,1.7187718976797726E-4,3.8746325503797793E-4,3.179130427580382E-4,0.4122337882034517,6.6303724161761E-5,4.814156627184023E-4,0.14161463238518987
org.endeavour.mgmt.controller.ProjectMaintenance,5.5362779068022066E-5,8.922839742103608E-5,0.15589690863151862,1.3267311482215816E-4,1.2795633798800825E-4,5.293927774228715E-5,6.948047574073635E-5,1.1403595772608582E-4,6.653925577650595E-5,1.3500704860287956E-4,0.330648838484403,0.005643145505221653,4.0615181947045615E-5,4.225710163779659E-5,9.526030866081702E-5,7.816094606819386E-5,8.71994662156712E-5,1.6301192814766237E-5,1.1835910638858323E-4,0.506489731430236
org.endeavour.mgmt.controller.ProjectMemberAssignmentsController,5.536277906802206E-5,0.01607813932082368,0.1772154565293888,1.3267311482215814E-4,1.2795633798800822E-4,5.2939277742287146E-5,6.948047574073633E-5,1.140359577260858E-4,0.1546260115153354,0.03744246586987571,0.12012817799293483,0.11490070348180638,4.061518194704561E-5,4.225710163779658E-5,9.5260308660817E-5,0.013402253382237063,8.719946621567119E-5,1.6301192814766234E-5,0.04275545490212897,0.32261725581110556
org.endeavour.mgmt.controller.ProjectMemberMaintenance,6.407030090739565E-5,1.0326234283192955E-4,0.16808077762422885,1.535400955673308E-4,1.4808145862452648E-4,0.08641170370286709,8.040844521963814E-5,1.3197166487607825E-4,7.700462678213619E-5,1.56241113148927E-4,0.2099527935730656,3.6281751459353936E-4,4.700318467681296E-5,4.890334739304763E-5,1.1024296003874699E-4,9.045418994669727E-5,1.0091429898303942E-4,1.886506324959425E-5,1.3697476335372682E-4,0.533723969729645
org.endeavour.mgmt.controller.ProjectPlanMaintenance,2.5022810824331506E-5,0.3240351911151839,0.06684879567869408,0.19156622203326945,5.783357145627019E-5,2.3927439236646722E-5,3.14037125612653E-5,5.1541852583760786E-5,3.0074343046283807E-5,0.0012654622095161414,0.21207729226147207,0.002550582987494941,0.12287142746490656,0.009654634242645134,4.305565440922534E-5,0.0578485366354076,3.941232329425731E-5,0.007234018987654755,0.003666821420593242,7.874325575009045E-5
org.endeavour.mgmt.controller.SecurityGroupMaintenance,8.301540097265354E-5,1.3379623123603492E-4,0.22976851269652251,1.9894073257630373E-4,1.91868018258542E-4,7.938140828477836E-5,1.0418461013853914E-4,1.7099468117921196E-4,9.977430851008653E-5,2.0244042048778215E-4,0.26004670667362817,4.70099890703144E-4,6.0901668443497275E-5,0.5075354293688612,1.4284096379157789E-4,1.1720080508026557E-4,1.307538887020312E-4,2.4443318789825795E-5,1.7747715777672275E-4,2.612377560569517E-4
org.endeavour.mgmt.controller.SecurityMaintenance,2.3736305804623948E-5,3.825589255626034E-5,0.06569691428021719,5.688243398333512E-5,5.48601572979471E-5,0.5392909793572629,2.978914439259912E-5,4.889191638995963E-5,2.8528122137486884E-5,5.788308761524327E-5,0.09948963934687147,1.3441403201950284E-4,1.7413402925836163E-5,1.8117361587998228E-5,4.084202157983907E-5,0.1542733796426901,3.7386006102621274E-5,6.988993402156063E-6,5.074542845021603E-5,0.14060435306671273
org.endeavour.mgmt.controller.servlet.CreateProjectPlan,4.436731166029013E-5,0.04491837919167976,0.14201912409779063,0.1517314626734802,1.0254323973599989E-4,4.2425136060761495E-5,5.5681126803749E-5,9.138755246907945E-5,0.03422236956403622,0.03427723913442551,1.6937113705324384E-4,2.512433610862801E-4,0.15165768814359878,0.002169429865358806,7.634088957162065E-5,0.4229045757592004,6.988099151323626E-5,1.306365240730779E-5,9.48520910506258E-5,0.015088575081017673
org.endeavour.mgmt.controller.servlet.DownloadAttachment,1.3918953320503501E-4,2.2433228957686202E-4,0.3785465363317676,3.335581997837372E-4,3.2169958327586635E-4,1.3309652227008235E-4,1.74683336855878E-4,2.8670185983584634E-4,0.01356671870927829,3.394260257660805E-4,5.313526698519118E-4,7.882029548741583E-4,1.0211207441918639E-4,1.0624008314929345E-4,2.3949733229929754E-4,0.6031708571357782,2.1923128142420256E-4,4.098340901176235E-5,2.975708417482185E-4,4.380098258282934E-4
org.endeavour.mgmt.controller.servlet.DownloadDocument,1.2130930261177307E-4,1.9551465527069563E-4,0.37663118163633613,2.907094496581005E-4,2.8037418618400594E-4,1.1599899737325909E-4,1.522435867405973E-4,2.4987225600471173E-4,1.4579887156020092E-4,0.08788190869239275,4.630953228766732E-4,0.012365095417881774,8.899479903985255E-5,0.029287954257214848,2.0873160279811105E-4,0.490653341073071,1.910689205421758E-4,3.5718697026926316E-5,2.5934501293929814E-4,3.8174326247695454E-4
org.endeavour.mgmt.controller.servlet.ExecuteReport,3.0185450991615204E-5,4.865000389709078E-5,0.09081143633442999,7.233736948877972E-5,6.976564100328075E-5,0.0959228464202156,3.788284350338043E-5,6.217583132872246E-5,0.552153147191272,7.36099003288425E-5,1.1523222763777889E-4,0.030682655925026524,2.2144617824761962E-5,2.3039841785546817E-5,5.193878318489479E-5,0.22960699765024456,4.754376962749871E-5,8.887900230052087E-6,6.453294190514326E-5,9.498935607399242E-5
org.endeavour.mgmt.controller.servlet.GetResource,1.5590145866056608E-4,2.512669621370076E-4,0.4164929683229931,3.7360718652511456E-4,3.6032475379685786E-4,1.4907688449524703E-4,1.956568600557766E-4,3.2112499496110634E-4,1.873743913939035E-4,3.801795386894553E-4,5.951500402768982E-4,8.828393023233769E-4,1.1437225905023417E-4,1.189959011271081E-4,2.682528103300237E-4,0.5780375518457613,2.4555349652413287E-4,4.590412151468593E-5,3.3329897166234313E-4,4.90599897721485E-4
org.endeavour.mgmt.controller.servlet.SecureServlet,9.696365688778386E-5,1.5627668729472374E-4,0.3057120408617514,2.323667742192499E-4,2.241057017394738E-4,0.331465692706383,1.2168971867989437E-4,1.99725224491283E-4,1.1653839773387156E-4,2.3645448004114554E-4,3.7015641032457267E-4,5.49086121021567E-4,7.113437282311167E-5,7.401006909796202E-5,1.66841116712421E-4,0.18682589212190118,1.5272317006604199E-4,2.855028764019508E-5,2.0729688745043902E-4,0.17299245523374082
org.endeavour.mgmt.controller.servlet.StoreUser,1.7567585649876804E-4,2.8313743285345895E-4,0.4693205539222016,4.2099517894694327E-4,4.0602801464988483E-4,0.228478332558034,2.2047379649599327E-4,3.618561944040639E-4,2.1114078711558266E-4,4.2840116222382803E-4,6.706383248059134E-4,9.948178286394932E-4,1.2887913134985358E-4,1.3408923194145264E-4,3.02277750431648E-4,0.27929399800142085,2.7669927650943556E-4,5.1726558129733246E-5,3.7557430712963E-4,0.017464704686217667
org.endeavour.mgmt.controller.StandardReportController,4.955263306945937E-5,7.986416345443878E-5,0.11806963931123962,1.1874949718270229E-4,1.1452773094069366E-4,4.7383470430605214E-5,6.218872278145531E-5,1.0206824991538481E-4,0.8038565683042895,1.2083849210296098E-4,1.8916597587020947E-4,0.05752431094447497,3.635274893983361E-5,3.7822354428122733E-5,8.526304496660364E-5,6.995820560453281E-5,7.80481620680363E-5,1.4590434940994336E-5,0.01918717240731372,1.559351459862651E-4
org.endeavour.mgmt.controller.TaskMaintenance,5.139127490406313E-5,0.29939509166990635,0.14471348843114026,0.03475432673652799,1.1877726248495354E-4,4.914162586263444E-5,6.449622452785661E-5,0.010000475777410641,0.06932410811570801,1.2532218334293012E-4,0.4330858231952485,0.0027646737593782066,3.770161136879747E-5,3.922574631321749E-5,8.842671542588181E-5,7.255399266024797E-5,8.094412555177438E-5,1.5131810492722798E-5,0.00505717864927872,1.617210924665158E-4
org.endeavour.mgmt.controller.TestCaseMaintenance,8.611221917502147E-5,1.387873846779905E-4,0.23833982963425546,2.0636204566539735E-4,1.9902548981723563E-4,8.234266351243042E-5,1.080711274992144E-4,1.7737349083355938E-4,0.04569744610989086,2.099922864273094E-4,0.38994975692929507,4.8763656319286957E-4,6.317355285507202E-5,6.572742299414167E-5,1.4816952320983876E-4,1.2157288040908683E-4,0.2529748077500336,2.535515579437812E-5,1.8409779065047747E-4,0.07073435997981084
org.endeavour.mgmt.controller.TestPlanMaintenance,0.0012005449442545845,3.938072169484557E-5,0.0676285854179079,5.8554935000636196E-5,5.647319778276522E-5,2.336461287831718E-5,3.0665027698080515E-5,5.032947407119323E-5,0.05295434956882947,5.958501061926564E-5,0.25648541516568624,0.018956137782301433,0.0023701468558825515,1.8650062169967273E-5,0.014155371594318863,3.449613075524893E-5,0.5104705400618217,7.194489154648671E-6,5.223748451679065E-5,0.07534797746265545
org.endeavour.mgmt.controller.UseCaseMaintenance,0.19020200798727502,0.02439632488399281,0.12272117057278349,1.1008471871537028E-4,1.0617100151858484E-4,4.3926047165369056E-5,5.765100667442555E-5,0.0067279719656101735,0.10397771449547828,1.1202128622639478E-4,0.5175767657643189,2.6013181697887277E-4,3.370020283466931E-5,3.506257581846362E-5,0.03324579824718736,6.485357469731548E-5,7.23532324039428E-5,1.3525816652032421E-5,9.820775634653048E-5,1.4455704732229134E-4
org.endeavour.mgmt.controller.UseCaseTaskMaintenance,4.6975618749412516E-5,0.3822038011430658,0.14584605151272387,0.09281820524844636,1.0857164779445732E-4,4.491926471096113E-5,5.8954561058331716E-5,9.676012953184497E-5,5.6458919943060227E-5,0.015942344939150924,0.3122129168667553,2.6601369120756184E-4,3.446220248875597E-5,3.585538026466032E-5,0.004603054810775532,6.631998728029251E-5,7.398922071933471E-5,1.3831650645395963E-5,1.0042834465372301E-4,0.045370084860034625
org.endeavour.mgmt.controller.WorkProductMaintenance,6.896181165283758E-5,1.111460089363225E-4,0.2008294175019071,0.06987247327885777,1.593868846300874E-4,6.594301373880244E-5,8.654730781659433E-5,1.42047172680673E-4,8.2883621480444E-5,0.026723297500739696,0.42846469911985335,3.905171780278338E-4,5.0591689485756084E-5,5.263692201144871E-5,0.020035005571789066,9.736000490039982E-5,1.0861870134814987E-4,2.0305335236644962E-5,1.4743223767974141E-4,0.25249072913722714
org.endeavour.mgmt.model.Actor,0.23063214168330937,1.1697004884860859E-4,0.19737955213543812,1.7392199311187293E-4,1.6773874167348688E-4,6.939842115852588E-5,9.108237821497036E-5,1.4949043052714774E-4,8.72267150759457E-5,1.769815610995418E-4,0.5696893170203263,4.109802396621069E-4,5.324268902784343E-5,5.539509153627799E-5,1.248773179777223E-4,1.0246165956012907E-4,1.1431031059193959E-4,2.1369332801490696E-5,1.5515767240134622E-4,2.283845576575008E-4
org.endeavour.mgmt.model.Attachment,7.891603197355544E-5,1.271892629373955E-4,0.19942972889645186,0.08755519211721076,1.8239341719955836E-4,7.54614888431489E-5,9.903988812333453E-5,1.6255082272856574E-4,9.484737082839742E-5,1.9244374548303968E-4,0.4561242613030418,4.468859702034684E-4,5.789429380354505E-5,6.0234743271482915E-5,1.357873591362034E-4,0.25461258903804834,1.2429715378806992E-4,2.3236287538900536E-5,1.6871318928276098E-4,2.4833762010595395E-4
org.endeavour.mgmt.model.ChangeRequest,1.1525258877606288E-4,1.8575302700174202E-4,0.29680385327872777,2.76194949055036E-4,2.663757031651789E-4,1.1020741571222542E-4,1.4464239030835907E-4,2.3739666907509913E-4,1.3851944596300934E-4,0.18889741236171412,0.3887677712853382,0.10605591201855541,8.455147920331917E-5,8.796957883825505E-5,1.9831008062793422E-4,1.627131355613036E-4,1.8152925829281342E-4,3.393533893468773E-5,0.016889016356705873,3.62683638443563E-4
org.endeavour.mgmt.model.Comment,7.493123745970743E-5,1.20766954763777E-4,0.2073933123722236,0.1408417210847431,1.7318362458780694E-4,7.165112839763455E-5,9.403895747621039E-5,1.543429641929602E-4,9.005813759557909E-5,1.827264705257516E-4,0.13012803602676148,4.243208624826551E-4,5.497097317322273E-5,5.7193243736740995E-5,0.38604817254422347,1.0578761594889101E-4,0.13356673060829147,2.206299196395028E-5,1.6019416755479288E-4,2.357980338972622E-4
org.endeavour.mgmt.model.Defect,1.4107992376771356E-4,2.2737903909426634E-4,0.3768970266578983,3.380883915191055E-4,3.2606871824053714E-4,1.3490416113366035E-4,1.7705578343175032E-4,0.0410348352569857,0.10882086627678218,3.44035910870663E-4,0.35365531222298924,0.09586880021991685,1.0349890069392655E-4,1.0768297361626388E-4,0.013824163238104037,1.9917606194163036E-4,2.222087520421818E-4,4.1540021623632415E-5,0.007092318871092373,4.439586182557137E-4
org.endeavour.mgmt.model.Dependency,9.696365688778386E-5,0.35019815023588136,0.2683742410165688,2.323667742192499E-4,2.241057017394738E-4,9.271908038762435E-5,1.2168971867989437E-4,1.99725224491283E-4,1.1653839773387156E-4,2.3645448004114554E-4,0.03770795625550715,0.005216311101669389,7.113437282311167E-5,0.02341013497233707,0.31287091482011653,1.3689289598828108E-4,1.5272317006604199E-4,2.855028764019508E-5,2.0729688745043902E-4,3.051309497714177E-4
org.endeavour.mgmt.model.Document,4.203341873890913E-5,6.77454176856264E-5,0.12443223498873118,1.0073021413652788E-4,9.714906703543649E-5,4.019340911956261E-5,5.275208326158415E-5,8.6580212248806E-5,5.051900297838817E-5,0.33798129638885005,0.5363154343389508,2.3802698443328442E-4,3.083651107614355E-5,3.2083115727477966E-5,7.23250622628274E-5,5.9342609428567136E-5,6.620497993334598E-5,1.2376453549864144E-5,8.986250264427261E-5,1.3227323920740985E-4
org.endeavour.mgmt.model.email.Email,5.815214759156013E-5,9.372403306942324E-5,0.16095245346851864,1.3935764577661014E-4,1.344032213919721E-4,0.722218574341159,7.298114271039004E-5,0.005717944025247699,6.989173389930018E-5,1.4180917122331288E-4,2.2199441415527465E-4,3.293041761726938E-4,4.266151545862141E-5,4.4386160749146394E-5,1.0005985288518713E-4,0.058862805646529216,9.159287728400766E-5,1.7122503357681118E-5,1.2432244803060535E-4,0.050566459474789674
org.endeavour.mgmt.model.email.EmailCourier,6.739582010177866E-5,1.0862209451533239E-4,0.17680487981010878,1.615094749472491E-4,1.5576751169457304E-4,0.165509156804165,8.458198310195414E-5,0.2207317698593762,8.100149211277386E-5,1.6435068674808186E-4,2.5728190994927353E-4,3.816492758269235E-4,4.944284846215703E-5,5.144163764800081E-5,1.1596503523524623E-4,0.08119549778696344,0.0033501661229769315,1.98442397018861E-5,1.4408433203418714E-4,0.3505655912743301
org.endeavour.mgmt.model.Event,8.268500467248492E-5,1.3326373028730792E-4,0.22487410802102567,1.9814896043250963E-4,1.9110439509211063E-4,7.906547505682099E-5,1.0376996165981141E-4,1.703141326382402E-4,9.937721276643683E-5,2.0163471979670465E-4,0.1634931807026663,0.03230774749726017,6.0659283468034036E-5,6.311151111243722E-5,0.5334542086105433,1.1673435292895862E-4,0.04390957153786298,2.434603585199284E-5,1.7677080936899552E-4,2.601980455086162E-4
org.endeavour.mgmt.model.GlossaryTerm,0.27609197064480445,1.466916840060735E-4,0.26505679990895326,2.1811489613289022E-4,2.1036050451676142E-4,8.703229046508157E-5,1.1422605679959106E-4,1.8747536837573182E-4,1.0939068463046677E-4,2.2195188846434684E-4,0.4559680760676837,5.15408722512227E-4,6.677144954102455E-5,6.947076916796441E-5,1.566081595128949E-4,1.2849676934294213E-4,1.4335611658751894E-4,2.6799197278220024E-5,1.9458263440134399E-4,2.864161868233631E-4
org.endeavour.mgmt.model.IPlanElement,3.043571115221403E-4,4.905334913091887E-4,0.7837946586004713,0.1472278797825861,7.034405079833768E-4,2.910339027582796E-4,3.81969208548081E-4,6.26913158758314E-4,3.657998393846483E-4,7.422018193381429E-4,0.0011618758973598975,0.045673067102843704,2.2328213412409933E-4,2.323085945518588E-4,5.236939488007105E-4,4.296901307993383E-4,0.015129230310852417,8.961587627983528E-5,6.506796867713292E-4,9.577688949573455E-4
org.endeavour.mgmt.model.Iteration,3.4043585011246354E-5,5.4868172879978986E-5,0.08439334003228438,0.5473892158531823,7.868269157280509E-5,3.255332973872554E-5,4.2724814800127135E-5,7.01227952523301E-5,4.0916204871676345E-5,8.301830243352708E-5,0.36718657652292414,1.9278212723687272E-4,2.49750179206617E-5,2.598466435667319E-5,5.8577305378899826E-5,4.806259470397398E-5,5.362054598814714E-5,1.0023901486093503E-5,7.278117840226478E-5,1.0713035957510713E-4
org.endeavour.mgmt.model.ITestPlanElement,3.5058070725865173E-4,5.650322328831836E-4,0.885957056588299,8.401426953551642E-4,8.102740546125132E-4,3.352340642049402E-4,4.399799781713738E-4,7.221242752898746E-4,4.21354920097677E-4,8.549221585489252E-4,0.0013383333538884057,0.035734801895572,2.5719263830558975E-4,2.675899734129574E-4,6.032288650639055E-4,4.949484150520212E-4,0.06805124876030641,1.0322609887662515E-4,7.495002947238063E-4,0.001103228030076957
org.endeavour.mgmt.model.persistence.BinaryBlobType,0.006139630378771427,2.0139443876109064E-4,0.33984036526034883,2.99452060897319E-4,2.888059812777047E-4,0.5053520108495769,1.5682206361536925E-4,2.573867554345888E-4,1.5018353416634155E-4,3.047199049633284E-4,4.77022157313506E-4,0.14505975917959876,9.167117206877493E-5,9.537709422099345E-5,2.150088643688961E-4,1.7641446357220697E-4,1.9681500583167E-4,3.6792878421597556E-5,2.671443900411604E-4,3.932235667496642E-4
org.endeavour.mgmt.model.persistence.PersistenceManager,7.921693949950186E-5,1.2767423671877196E-4,0.2040031650315802,1.8983797936090232E-4,1.8308888490803138E-4,0.4614498164316476,9.941752809027039E-5,1.6317063044931124E-4,0.16405458828024136,1.931775351819005E-4,3.0240874677374847E-4,0.050017704609004426,5.811504525643966E-5,6.04644188788413E-5,0.03826639331649967,0.07255900573067299,1.2477109993175187E-4,2.332488770822802E-5,0.00779537413395462,2.4928453364173015E-4
org.endeavour.mgmt.model.persistence.SessionFactoryManager,1.2647894039454922E-4,2.0384657975804115E-4,0.3500661043781595,3.030981331506781E-4,2.9232242885794647E-4,0.6454390237964416,1.5873149971391918E-4,2.6052064840082883E-4,1.5201214077266933E-4,3.084301175001992E-4,4.8283028982996467E-4,7.162253673304943E-4,9.278734310433671E-5,9.65383878711461E-5,2.176267720642133E-4,1.7856245306606592E-4,1.9921138851027723E-4,3.724086162375759E-5,2.7039709014030453E-4,3.9801138330967267E-4
org.endeavour.mgmt.model.Privilege,2.0516911332954017E-4,3.3067182484096077E-4,0.5481122098085345,4.916737524553419E-4,4.7419383296562777E-4,1.9618785143257013E-4,2.5748793397684463E-4,4.226062478836079E-4,2.465880567971449E-4,5.003230856792417E-4,0.08966326807849408,0.0011618323422138237,1.5051594244492117E-4,0.3556767605802114,3.5302550544698307E-4,2.8965691881374455E-4,3.231528017099166E-4,6.0410646508734744E-5,4.386274193783876E-4,6.456382568827128E-4
org.endeavour.mgmt.model.Project,0.14690033323695045,0.009248458844518507,0.030159008311601683,0.261165268228426,3.407242308000181E-5,1.4096757512347496E-5,1.8501374785046088E-5,3.0365681443153948E-5,1.7718181919664166E-5,0.044030668018727105,0.24060804278606016,8.348156462593281E-5,1.0815077115607054E-5,1.12522901778619E-5,2.5366070883703323E-5,2.0812824629431698E-5,0.14265125739556753,4.340708299618995E-6,3.151685654383681E-5,0.12493462336713262
org.endeavour.mgmt.model.ProjectMember,2.0895378721069027E-5,3.367715978447935E-5,0.047776117550013715,0.030223266038255463,4.82941099964559E-5,0.24039974116308238,2.6223771255032915E-5,4.304018990048708E-5,2.5113676962637438E-5,5.095523487187775E-5,0.32695601092961407,1.1832642061454549E-4,1.532924507936852E-5,0.06036233233262665,3.595376279987777E-5,2.950001059891358E-5,0.10362753619590621,6.152501792787603E-6,4.467186067444474E-5,0.1901568624674495
org.endeavour.mgmt.model.SecurityGroup,5.9484155475441646E-5,9.58708351417127E-5,0.1703655522205235,1.4254971159948187E-4,1.374818033176233E-4,5.688024121965924E-5,7.465281712812092E-5,1.2252514691928607E-4,7.149264365805737E-5,1.4505739062533495E-4,0.2665042899055059,3.36847074879341E-4,4.363870163802683E-5,0.38085044594348705,0.0659558554732016,8.397948849922426E-5,9.369086402572856E-5,1.7514703997017937E-5,1.2717012413163815E-4,0.11471502075502633
org.endeavour.mgmt.model.Task,2.9209344793819405E-5,0.31779301279096356,0.07943913630296381,0.21096331853913766,6.750963115948497E-5,2.7930708008901258E-5,3.665782691031878E-5,0.008495898066633168,3.510604230889704E-5,7.122957876432214E-5,0.1111819880123612,0.07889891303633519,2.142852785437942E-5,2.229480297962161E-5,0.19266615848516924,4.1237634048535184E-5,4.600634790029417E-5,8.600492415527321E-6,6.244614172537772E-5,9.191768756673005E-5
org.endeavour.mgmt.model.TestCase,3.66241899327655E-5,5.902734345270397E-5,0.10841920416450215,8.776736713755299E-5,8.46470734392882E-5,3.502096888154316E-5,4.5963482740292036E-5,7.543831153767614E-5,4.4017774804068956E-5,8.931133648870521E-5,1.3981195750740907E-4,2.0739558543065743E-4,2.686819850489797E-5,2.7954379141432256E-5,0.5923839151578942,5.170588222475306E-5,0.2785895357616356,1.0783743009813479E-5,7.82982080311009E-5,0.019506709113703197
org.endeavour.mgmt.model.TestFolder,8.906556529393203E-5,1.435473036281618E-4,0.22936580648136823,2.134395377158302E-4,2.0585136381685154E-4,8.516672713586257E-5,1.1177758690792367E-4,1.8345677745384964E-4,1.070458623959349E-4,2.171942829623278E-4,3.4000563706961716E-4,0.01336554128759547,6.534018343235526E-5,6.798164233101887E-5,0.20593213931422177,1.2574240243465673E-4,0.5488839848290277,2.6224748422196733E-5,1.9041169709402793E-4,2.802767696923526E-4
org.endeavour.mgmt.model.TestPlan,2.529703004278628E-5,4.0771317629418034E-5,0.07123429942675982,6.062260291165107E-5,5.846735624074236E-5,2.4189654530250642E-5,3.174785861166644E-5,5.210668787074968E-5,3.0403920842463025E-5,6.16890521391409E-5,9.657079913299313E-5,1.4325210646329853E-4,1.8558379749059646E-5,1.9308625535921908E-5,0.14981337862943708,3.571424401275705E-5,0.7781124855119299,7.448538012546813E-6,5.408207320067068E-5,7.960618494705252E-5
org.endeavour.mgmt.model.TestRun,4.087561019769534E-5,6.587937334334434E-5,0.10526478182080516,0.03551289510379461,9.447310055544947E-5,3.9086283556729134E-5,5.129902961047711E-5,8.419536437658243E-5,4.912745941860061E-5,9.967880199533076E-5,1.5604165133866388E-4,2.3147054234780843E-4,2.998712082961232E-5,3.119938781448669E-5,0.3758621908854535,5.770802004431825E-5,0.20271653516480112,1.2035544719226869E-5,8.738724423755932E-5,0.27951315249075975
org.endeavour.mgmt.model.UseCase,0.1954082377128392,0.1847194671041696,0.0675827436783984,0.06563951187094579,6.425728731668163E-5,2.6585118281069882E-5,3.489179952141673E-5,5.726673188103262E-5,3.3414773691552606E-5,6.779802273385982E-5,1.061340547148964E-4,1.5743813908448352E-4,2.0396187143423855E-5,2.122072860013067E-5,0.48582248252171073,3.92509698809783E-5,4.3789946184664775E-5,8.18615511176341E-6,5.943773653845614E-5,8.748946125193742E-5
org.endeavour.mgmt.model.Version,9.606692498358898E-5,1.5483142114164073E-4,0.2982607161507739,2.3021781752139762E-4,2.2203314446273716E-4,9.186160285243386E-5,1.2056431709485461E-4,1.9787814088674145E-4,1.1546063620273769E-4,0.13433206299857017,0.2361938903725174,5.440081045907254E-4,7.04765133359308E-5,7.332561481558467E-5,1.6529814940807646E-4,0.32844402223137803,1.5131076728025912E-4,2.8286251045220805E-5,2.053797801693859E-4,3.0230906096895656E-4
org.endeavour.mgmt.model.WorkProduct,1.603959022747033E-5,2.5851067366557706E-5,0.04284999384815463,0.406906531641104,3.7071246474344885E-5,1.5337458419152714E-5,2.0129740205451708E-5,3.303826260015262E-5,0.0023354147727173815,0.07338345725922361,0.013186007968268276,9.082904526764705E-5,1.1766946790087076E-5,1.2242640378259425E-5,0.2795081488616917,2.264462817491339E-5,2.526324960015195E-5,4.722747979225953E-6,8.063364752179599E-4,0.1807091725501393
org.endeavour.mgmt.view.AboutView,7.28298221524681E-5,1.1738009587884605E-4,0.334788822599608,1.745316893330039E-4,0.010685045382090799,6.964170238119214E-5,9.140167412928046E-5,0.49093021674841086,8.753249468214689E-5,1.776019828592145E-4,2.780260810886459E-4,4.12420960841747E-4,5.342933515420336E-5,5.5589283066484E-5,1.2531508451612102E-4,1.028208463744409E-4,1.1471103371589427E-4,2.1444244554881073E-5,0.16141205376279408,2.2918517636751572E-4
org.endeavour.mgmt.view.ActorsListView,0.11846755820033775,5.2875361371521124E-5,0.08606556478146599,7.862002561141002E-5,0.7470043217355934,3.1370993117386585E-5,4.1173049939710354E-5,6.757593600681167E-5,3.94301287063727E-5,8.000307849187955E-5,1.2524039444850474E-4,1.8578028223971933E-4,2.4067925511277004E-5,2.5040901598495248E-5,0.004793839821334143,4.631696172906268E-5,5.167304827633679E-5,9.65983348104382E-6,0.03007360803980103,0.012736279500938419
org.endeavour.mgmt.view.ActorView,0.10767840459447578,6.435984011415329E-5,0.11436950231699466,9.569622120533263E-5,9.22940419476733E-5,3.81847433073935E-5,5.0115797649357505E-5,0.767006364912504,4.7994315563949166E-5,9.737967187020848E-5,1.5244249029153014E-4,0.009836709423684652,2.9295456288256043E-5,3.047976186620313E-5,6.871061693179836E-5,5.6376962239758485E-5,6.289638574587933E-5,1.1757940224767485E-5,8.537162364665972E-5,1.256628834480753E-4
org.endeavour.mgmt.view.AttachmentsTabSheet,3.7824414457013545E-5,6.09617497929727E-5,0.1046897244556795,0.194898174338504,0.6245638980392257,3.6168653671069425E-5,0.051025141357658954,7.791052762604838E-5,4.546029716209677E-5,9.223819047629917E-5,1.4439378554214718E-4,0.023882396887238456,2.7748705918908868E-5,2.8870482172441785E-5,6.508281297914457E-5,5.3400354321145E-5,5.957556333144775E-5,1.1137140937448934E-5,8.086414681790063E-5,1.1902809648746189E-4
org.endeavour.mgmt.view.AttachmentView,4.4462263729840215E-5,7.16599962124488E-5,0.11022102814136424,1.0655077509447938E-4,1.027626961886661E-4,4.2515931610889874E-5,5.580029197348878E-5,0.62287108464293,5.343817612709302E-5,1.0842517484523822E-4,1.6973361427765612E-4,2.517810559837875E-4,3.261835770466326E-5,3.393699574166807E-5,7.650426943812285E-5,0.2654396039008971,7.003054632100102E-5,1.309161039677207E-5,9.50550874010779E-5,1.399164717619333E-4
org.endeavour.mgmt.view.BasicInfoPanel,2.769098539207569E-5,4.462966439073502E-5,0.07930834656968623,0.3226211726031642,6.400034726753872E-5,0.017353803482643003,0.1319889939829511,5.7037744360422695E-5,3.328116093021561E-5,6.752692465268533E-5,1.0570966566311796E-4,0.004155421989750798,2.0314630676510896E-5,2.113587511071251E-5,4.764666550301387E-5,3.909402042744126E-5,4.3614847119725996E-5,8.15342184236251E-6,0.443905285793747,8.713962472113629E-5
org.endeavour.mgmt.view.ChangeRequestsListView,2.01456851885557E-5,3.246887592320696E-5,0.05188011006435098,4.827775717162516E-5,0.4732540569937292,1.9263809394309244E-5,2.528290332579151E-5,4.149597515150981E-5,2.4212637481714593E-5,0.13968412574259115,7.690566499110844E-5,1.1408105356739402E-4,1.4779255722979081E-5,1.5376725679357513E-5,3.4663797980364434E-5,2.844159632223046E-5,3.1730578279544654E-5,5.931759643798521E-6,0.33458525349412543,6.339562937992319E-5
org.endeavour.mgmt.view.ChangeRequestView,1.5117546688577738E-5,2.4365006357468515E-5,0.037476084193882826,3.6228167035811126E-5,3.494018808659233E-5,1.4455777264094682E-5,0.41988127388874236,0.31802043830605053,1.8169433015431222E-5,0.1746762975688179,5.7710868120765664E-5,8.560769402705335E-5,1.1090518208906056E-5,1.1538866322958014E-5,0.001481340701081276,2.1342890860979715E-5,2.3810979577358184E-5,4.451258545998075E-6,3.231953574168134E-5,0.048073416611571676
org.endeavour.mgmt.view.CommentsTabSheet,3.4155522605388795E-5,5.504858311777114E-5,0.09124696533798177,0.005013952126053672,0.6133034681605437,0.0016766939510669903,0.03621160414031913,7.035336371309872E-5,4.1050740101537166E-5,8.329127218806758E-5,1.3038787981152708E-4,1.934160078199379E-4,2.5057137457096528E-5,2.607010367840514E-5,0.2515959082319075,4.8220627743609165E-5,5.3796853944918864E-5,1.0056860747461054E-5,7.302048780538757E-5,1.0748261139307785E-4
org.endeavour.mgmt.view.CommentView,3.1561143603993936E-5,5.086721280915954E-5,0.08127773211020686,0.08211007856323103,7.294518855924537E-5,0.010664274206698535,3.9609342403727374E-5,0.6502639394851781,3.7932615418112096E-5,7.696464881706129E-5,1.2048390084661286E-4,1.787245497204942E-4,2.3153851947317814E-5,2.408987546380976E-5,0.1747572894077951,4.455789403294534E-5,4.97105622541636E-5,9.292963539837925E-6,6.747401081475245E-5,9.931846665915156E-5
org.endeavour.mgmt.view.components.CheckBoxComponent,3.043571115221403E-4,4.905334913091887E-4,0.7398451059682547,7.29371008530912E-4,7.034405079833768E-4,2.910339027582796E-4,3.81969208548081E-4,0.015276764036163834,3.657998393846483E-4,7.422018193381429E-4,0.0011618758973598975,0.01637336534803266,2.2328213412409933E-4,0.21998007175563467,5.236939488007105E-4,4.296901307993383E-4,4.79379433446897E-4,8.961587627983528E-5,6.506796867713292E-4,9.577688949573455E-4
org.endeavour.mgmt.view.components.DialogComponent,1.7717402924238734E-4,2.855520434496644E-4,0.43068268648002755,4.245854474953016E-4,4.0949064245098264E-4,1.6941824996282557E-4,2.2235400837698603E-4,0.14534181685731823,2.1294140661234947E-4,4.320545893786464E-4,6.763575629475402E-4,0.001003301686270463,1.2997821921347834E-4,1.352327518110082E-4,3.0485559064102495E-4,2.501335730867888E-4,2.790589821770639E-4,0.1961973511494312,0.22210811505363975,5.575416764667173E-4
